.Random.seed <-
c(10403L, 10L, -1095362457L, 64641469L, 1723577140L, -560883558L, 
388153061L, -604841857L, -587689466L, 1699085712L, -716316621L, 
1023381457L, 2126316928L, 999639134L, 1646389161L, -716546469L, 
1258979946L, 1805856524L, 2054736207L, -12946939L, -806166340L, 
-553399918L, 715235981L, 193106119L, -224614994L, 398143496L, 
-756915189L, -1154473751L, 1414225848L, 945289318L, -109549311L, 
-853598317L, 2104782914L, 1145616372L, 1300161015L, -301128211L, 
1517119108L, 1004132522L, -1142151659L, -1054213457L, -1040535370L, 
-1987645728L, -422170077L, 1899257153L, -1192927184L, -27215282L, 
-538640711L, -2145006901L, 2039286650L, -933447044L, 1553485503L, 
1817704341L, 1963945900L, 810200450L, 242250589L, -497721769L, 
1453620542L, 1795427704L, 2039651931L, 576174521L, -1723921400L, 
-24111434L, 1247684081L, 31718435L, -1605200782L, -305772860L, 
1066426503L, 875373661L, 834783828L, -1009377158L, -1298324539L, 
1364481311L, -279808858L, -1076115920L, -1194943277L, 448369393L, 
65380896L, -1275870018L, -1552338743L, -767593861L, -756918198L, 
1446029484L, 1009962927L, 1620646757L, -1727172324L, 2061662578L, 
1885170157L, 1454833191L, -270520754L, 243520168L, 674590891L, 
-1088349751L, 1454470616L, 1562150022L, 1974790497L, 738209011L, 
-785411230L, 224632276L, 1273403607L, -982750515L, 1267055204L, 
-492277686L, 709473717L, 1696782607L, -1112242666L, -1726070592L, 
-1451534717L, 382800545L, 1160656016L, -81109138L, -1285736167L, 
396122539L, -147048550L, -1350883492L, 1915483743L, 193529397L, 
256878028L, 66987298L, -578154627L, -956193673L, -301164130L, 
-73133992L, 2036796859L, 167846745L, 625037544L, -745115370L, 
425267857L, -2004000957L, 1468152402L, -1992012572L, -942778585L, 
-1571695747L, 464627316L, -163014566L, -1776852827L, 268976831L, 
561355078L, -2128695344L, -1878316557L, -1327446767L, 1559388480L, 
-561589986L, -735484439L, -341612773L, 741380394L, -852882868L, 
-739125745L, -424855227L, 2083726076L, 1978980690L, -191500595L, 
-1663973753L, 1266667886L, -201905336L, -2014220469L, 1465661097L, 
1298074616L, 1026831142L, 1732408385L, 531731923L, -561866878L, 
80010164L, 570766135L, 735236653L, -578235580L, -2097366934L, 
1732338389L, -853926801L, -536275594L, 1892130464L, -1594811549L, 
-1984499711L, 308484976L, -205040882L, 646458745L, -1110046453L, 
-1682900422L, -796282564L, 1084169855L, 325944789L, 1367538668L, 
-843317950L, -2094103907L, -1093849321L, -642625922L, 1176792632L, 
-1418700517L, 668335737L, -1174816056L, -243602698L, -1671470287L, 
-1690389661L, 2075232562L, 1316616836L, -1649322297L, -1410490979L, 
1696626964L, -2137942086L, 1577533957L, -424438817L, 419654246L, 
-1348442640L, -1995234541L, 127241393L, -1916268704L, -909079298L, 
2128940169L, 468462523L, 1077839242L, 1474266220L, 1556094447L, 
-979691995L, 952906460L, -450500430L, -942232659L, 683011943L, 
-58999666L, 320485736L, 91646315L, 599943945L, -840647272L, 1447013574L, 
-1771489759L, -1364846925L, 661797922L, -534559212L, -1577829737L, 
-1848576883L, 1275099556L, 1472549432L, 442156762L, -322051184L, 
-253095684L, -921343596L, -1236616382L, 1495183872L, 1014723644L, 
1643686480L, 2103858338L, -730257592L, 1271326220L, -637036836L, 
-423927726L, -1000599424L, 2029040468L, -1236479000L, -7384326L, 
843910992L, -891056084L, -1319267980L, 1075767954L, 1397576288L, 
34634892L, 309865824L, -1876655902L, -1494460248L, 1737278156L, 
1061307900L, -460826702L, -527192080L, 261815748L, -1154512552L, 
-43143814L, -1330520656L, 713939388L, 1200384596L, -2018693694L, 
1447824160L, -913462340L, 523678800L, 1783846882L, 1448942440L, 
-1609504948L, 2002377468L, -609512718L, -2093666048L, -1638771596L, 
-1618740728L, 1888199098L, -1895319088L, 1130451948L, -1544775788L, 
-713579310L, -1477668768L, 1993341260L, -1955127520L, 1213014658L, 
744288744L, -326597652L, -2117484996L, 676598386L, 351197040L, 
-740212444L, -1373667784L, 1389309338L, -1886480944L, -926158404L, 
400267924L, 1541158530L, 163150272L, -933159108L, 394217104L, 
1671512866L, -675828216L, -1177901300L, 130506652L, -2039810030L, 
555402112L, 698924820L, -661837528L, 823277626L, 1083434960L, 
1155301996L, -283622348L, 1284533394L, 1340290400L, 2089197900L, 
-1206279712L, -209045598L, -1956421720L, 176475276L, -2078774340L, 
940081266L, 1611830256L, 274464836L, -697346984L, -1371715526L, 
-1556381584L, -39024068L, -1586787564L, 1726865090L, 1934073568L, 
-47774596L, 1600549072L, 1974084514L, -1073683928L, -1620009716L, 
280701884L, 1716423986L, 1091404992L, -702529996L, -1937316152L, 
1115983546L, -1374451568L, 1186687724L, 165601876L, -2035095918L, 
1322457888L, -890774580L, -1873070880L, 1150515906L, -1894760408L, 
-1617943636L, -2052320580L, -677847566L, -267964880L, -456374364L, 
1996858808L, -5765286L, -968701808L, -1870797956L, 1143298836L, 
309100866L, -1260592384L, -563337284L, 1091773264L, -105190110L, 
-1131080120L, -1392072692L, 1882785884L, -432975406L, -1264635392L, 
-269878956L, 933266664L, -1258111750L, -1775477040L, 429794604L, 
1365362932L, -603665006L, -716598944L, -1014640628L, 1088452320L, 
113257058L, -1340873048L, 1547339340L, -752000132L, 1490806066L, 
1330837104L, 1839762244L, -2017164328L, 1241173882L, 1148422704L, 
-1926763588L, -671886764L, -783317950L, 410222752L, 160774844L, 
1147633104L, -164149406L, -470201624L, -1483615028L, -1972302340L, 
-1161184782L, 65934976L, -1044965900L, -1144540536L, 1959829306L, 
-1892548784L, -1603797908L, 1011643796L, -832912302L, 1264851424L, 
2086366412L, 1068968096L, 2051115394L, 285726952L, -282617108L, 
2060043580L, -1800551310L, -813036432L, 253858852L, 1152864312L, 
-355835110L, -1890425648L, -1582099652L, -890560620L, -1960962174L, 
-402428480L, -1738149316L, 429947280L, 1193824802L, 237702408L, 
-262643060L, -757528804L, 1609263250L, -2108364416L, 1206430228L, 
-1110645976L, -468099526L, -623324720L, -1126058644L, 641690548L, 
414321682L, 622860768L, 55172044L, -1540618016L, 59047970L, 1881214248L, 
933309964L, 876444476L, -289766414L, -1581097232L, -73719228L, 
216854104L, -74087622L, -849026576L, 586309390L, -156949445L, 
-189437155L, 1776493002L, -1616770328L, 1260518865L, 1959014339L, 
-1968834364L, 171640690L, -856638905L, -72496623L, -1742290026L, 
-1155660044L, 574728325L, -954786353L, -1578260280L, -534986394L, 
1729754003L, 377355509L, 953965778L, -1719661792L, -1920433399L, 
1053664315L, -1472583284L, 1275445274L, 1951165583L, -1048734759L, 
-603859858L, 1807382524L, 717942125L, -1839257833L, -1892280608L, 
-2039782210L, 1514680971L, -193758963L, -1518473926L, 261647736L, 
1563911969L, 468713427L, 1680566004L, 377780098L, -391012841L, 
1783215329L, 538694182L, 201855780L, 859159509L, -1235854465L, 
1893293592L, -1071061706L, -1033946173L, -1223122427L, -1153304158L, 
-756761200L, 466668857L, -1730049557L, -292304164L, -707743990L, 
-786324993L, 1982064713L, 808813022L, -1102419572L, -680852131L, 
48751975L, 1142339216L, -295216978L, -351987365L, -1357296323L, 
2034958250L, 605821000L, -644845455L, 89955811L, 901372132L, 
528315410L, -1031995417L, -135977039L, 2081274358L, 1267500052L, 
286194469L, 655203375L, -1058894360L, -796087610L, -1462946957L, 
1548598229L, -1726692430L, -458762880L, -518451863L, 2069160411L, 
-2076980948L, -1176605894L, 2007369199L, -132964231L, -186086642L, 
-1478541604L, -1168831155L, 1431691447L, -150185408L, -1919687906L, 
46574059L, -1019239059L, 1526008794L, -690594408L, -1567587327L, 
220984755L, 1303878868L, 775653858L, -1413970825L, -635790911L, 
1024533318L, 667479684L, -1296631755L, 683632671L, 671518584L, 
-1141266858L, -62850333L, -1486275419L, -651287230L, 405877552L, 
1135253337L, 1520319691L, 1196789052L, -305067670L, -674856033L, 
-1646150103L, 1966596286L, -2055030356L, 562996989L, -1479253433L, 
642363696L, 905656910L, 358294139L, -78560803L, 1721731082L, 
1673943336L, -1320818799L, -270571133L, 486868612L, 1734423730L, 
1288160263L, -1871867823L, 333823958L, 1712098996L, 2024222405L, 
-1910693873L, 834891912L, 1542508966L, 1241336147L, -1389593931L, 
